       1         1   4938920
 4418797    227689       148
 4125504    227838       168
 4241299    227838      1655
 4418987    227879       127
 4378866    228024       170
 4419176    228068       550
 4125734    228068      1184
 4379037    228195      1003
 4419727    228619      3353
 4380178    229327       166
 4127155    229488       480
 4380600    229663       704
 4243258    229705      2267
 4127636    229969      1074
 4381316    230378       618
 4128722    231055       275
 4381994    231055       275
 4129040    231373       599
 4382312    231373       174
 4382499    231560       134
 4382636    231699       273
 4423081    231973       977
 4129640    231973       992
 4245526    231973       981
 4382979    232042       908
 1499945    263802       172
 1500616    264473       121
 1500777    264634       222
 1501183    265040       200
 1501411    265268       127
 4011030    296439      1956
 3157345    296439      1956
 3575185    296439      1954
 4010869    296702       156
  339186    296975       487
  339677    297466       146
  339894    297683       222
  340138    297927       466
 2089796    300405       165
 2089979    300588       115
 2090379    300988       103
 1317063    330479       102
 4011566    339186       487
 3157881    339186       487
  296975    339186       487
 3575721    339186       487
 4012057    339677       146
 3158372    339677       146
  297466    339677       146
 3576212    339677       146
 4012274    339894       222
 3158589    339894       222
  297683    339894       222
 3576429    339894       222
 4012518    340138       466
 3158833    340138       466
  297927    340138       466
 3576673    340138       467
 4010636    340676       104
 3167562    351382       105
 3167992    351812       104
 3168154    351974       128
 3170632    354692       116
 4835567    358564       102
 2732501    438857      1433
 3727204    438857      1432
 1088413    939644       127
 2677774   1056755      1432
 4522102   1056755      1432
  939644   1088413       127
 2841227   1188001       875
 3955735   1188001       902
 4821856   1188001      1954
 2097231   1188101       176
 2097426   1188296       108
 2097600   1188470       904
 2842103   1188877       313
 3956638   1188904      1052
 3955131   1188932       184
 3955316   1189117       146
 2843665   1189187       768
 3955463   1189264       246
 2098598   1189468       105
 2098704   1189574       297
  330479   1317063       102
 1447910   1445852       106
 1446386   1445945       115
 1445945   1446386       115
 1446914   1446473       107
 1447460   1446578       116
 1447337   1446896       104
 1446473   1446914       107
 1446896   1447337       104
 1446578   1447460       116
 1445852   1447910       106
  263802   1499945       172
  264473   1500616       121
  264634   1500777       222
  265040   1501183       200
  265268   1501411       127
 3780578   1533074       226
 3781138   1533634       206
 3781441   1533937       413
 1759905   1757928       348
 1757928   1759905       348
 2036691   2031038       732
 2037424   2031771       485
 2031038   2036691       732
 2031771   2037424       485
  300405   2089796       165
  300588   2089979       115
  300988   2090379       103
 2841327   2097231       176
 3955835   2097231       176
 1188101   2097231       176
 4821956   2097231       176
 2841522   2097426       108
 3956030   2097426       108
 1188296   2097426       108
 4822151   2097426       108
 2841696   2097600       406
 3956204   2097600       433
 1188470   2097600       904
 4822325   2097600       904
 2842103   2098007       313
 3956638   2098034       470
 3955131   2098062       184
 3955316   2098247       146
 2843665   2098317       187
 3955463   2098394       110
 2843946   2098598       105
 1189468   2098598       105
 3957202   2098598       105
 4823323   2098598       105
 2844052   2098704       297
 1189574   2098704       297
 3957308   2098704       297
 4823429   2098704       297
 3164586   2099998       110
 3164849   2100261       118
 3172581   2114943       178
 4021584   2116299       121
 4834838   2116299       149
 4021889   2116610       412
 4022690   2117410       215
 2159620   2140041       143
 2159853   2140274       216
 2156100   2156003       158
 2156003   2156100       158
 2140041   2159620       143
 2140274   2159853       216
 2462681   2462408       117
 2462565   2462474       115
 2462474   2462565       115
 2462408   2462681       117
 1056755   2677774      1432
 4522102   2677774      1434
 3727203   2732500      1433
  438857   2732501      1433
 3533385   2734004      2451
 3533150   2734014       113
 3535836   2736454       531
 3536373   2736991       176
 3536579   2737197       238
 3536818   2737436       311
 3537130   2737748       237
 3537384   2738003       884
 3538269   2738888       167
 2795158   2795019       142
 2795019   2795158       142
 3184313   2838842       161
 3184815   2839344       296
 4821855   2841226       876
 3955735   2841227       875
 1188001   2841227       875
 2097231   2841327       176
 2097426   2841522       108
 2097600   2841696       406
 1188877   2842103       313
 4822732   2842103       313
 2098007   2842103       313
 3956638   2842130       286
 3955131   2842158       184
 1189187   2843665       768
 3956921   2843665       768
 4823042   2843665       768
 2098317   2843665       187
 3955463   2843742       246
 2098598   2843946       105
 2098704   2844052       297
 2956305   2952271       113
 2956455   2952421       170
 2952271   2956305       113
 2952421   2956455       170
 3977403   3154355      1250
 4011030   3157345      1957
  296439   3157345      1956
 3575185   3157345      1954
 4010869   3157608       156
  339186   3157881       487
  339677   3158372       146
  339894   3158589       222
  340138   3158833       466
 2099998   3164586       110
 2100261   3164849       118
  351382   3167562       105
  351812   3167992       104
  351974   3168154       128
  354692   3170632       116
 4833210   3172148       161
 4019955   3172148       150
 4020117   3172310       104
 4833372   3172310       104
 2114943   3172581       178
 4834374   3173313       122
 4021290   3173484       143
 4024130   3176343       110
 2838842   3184313       161
 2839344   3184815       296
 3533395   3533150       113
 2734014   3533150       113
 2734004   3533385      2451
 3533150   3533395       113
 2736454   3535836       531
 2736991   3536373       176
 2737197   3536579       238
 2737436   3536818       311
 2737748   3537130       237
 2738003   3537384       884
 2738888   3538269       167
 4011030   3575185      1954
 3157345   3575185      1954
  296439   3575185      1954
 4010869   3575448       156
  339186   3575721       487
  339677   3576212       146
  339894   3576429       222
  340138   3576673       467
 2732500   3727203      1433
  438857   3727204      1432
 1533074   3780578       226
 1533634   3781138       206
 1533937   3781441       413
 1188932   3955131       184
 3956666   3955131       184
 4822787   3955131       184
 2098062   3955131       184
 2842158   3955131       184
 1189117   3955316       146
 3956851   3955316       146
 4822972   3955316       146
 2098247   3955316       146
 2843742   3955463       246
 1189264   3955463       246
 3956998   3955463       246
 4823119   3955463       246
 2098394   3955463       110
 2841227   3955735       875
 1188001   3955735       902
 4821856   3955735       902
 2097231   3955835       176
 2097426   3956030       108
 2097600   3956204       433
 1188904   3956638      1052
 4822759   3956638      1051
 2098034   3956638       470
 2842130   3956638       286
 3955131   3956666       184
 3955316   3956851       146
 2843665   3956921       768
 3955463   3956998       246
 2098598   3957202       105
 2098704   3957308       297
 4745396   3958456       460
 4745955   3959015       223
 3154355   3977403      1250
  340676   4010636       104
 4011293   4010869       156
 3157608   4010869       156
  296702   4010869       156
 3575448   4010869       156
 3157345   4011030      1957
  296439   4011030      1956
 3575185   4011030      1954
 4010869   4011293       156
  339186   4011566       487
  339677   4012057       146
  339894   4012274       222
  340138   4012518       466
 4773200   4016351       115
 4830220   4016965       128
 4830996   4017741       139
 4831136   4017881       335
 4831472   4018217       220
 4831781   4018526       353
 4832135   4018880       149
 4832285   4019030       102
 4832388   4019133       184
 4832573   4019318       113
 4832800   4019545       127
 4832928   4019673       432
 3172148   4019955       150
 4833361   4020106       231
 3172310   4020117       104
 4833654   4020399       131
 4833812   4020557       109
 4834219   4020965       197
 3173484   4021290       143
 4834715   4021461       244
 2116299   4021584       121
 2116610   4021889       412
 2117410   4022690       215
 3176343   4024130       110
 4378422   4125247       123
 4241042   4125248       113
 4378608   4125432       154
 4241289   4125494       178
  227838   4125504       168
 4418987   4125545       739
 4241529   4125734      1184
  228068   4125734      1184
 4378910   4125734       126
 4379037   4125861      1003
 4419727   4126285       633
 4420596   4127155       480
  229488   4127155       480
 4380600   4127330       305
 4243258   4127372       263
 4380906   4127636       398
 4421077   4127636      1074
 4243522   4127636      1074
  229969   4127636      1074
 4381316   4128045       618
 4381975   4128703       511
 4422163   4128722       275
 4244608   4128722       275
  231055   4128722       275
 4422481   4129040      1577
 4244926   4129040      1581
  231373   4129040       599
 4382499   4129227       134
 4382636   4129366       336
  231973   4129640       992
 4382979   4129709       908
 4378423   4241042       113
 4125248   4241042       113
 4125494   4241289       178
  227838   4241299      1655
 4418987   4241340       127
 4378866   4241485       170
 4419176   4241529       550
 4125734   4241529      1184
 4379037   4241656      1003
 4419727   4242080       874
 4380178   4242788       166
 4127372   4243258       263
 4380642   4243258       662
 4420813   4243258      3245
  229705   4243258      2267
 4127636   4243522      1074
 4381316   4243931       618
 4128722   4244608       275
 4381994   4244608       275
 4129040   4244926      1581
 4382312   4244926       174
 4382499   4245113       134
 4382636   4245252       336
  231973   4245526       981
 4382979   4245595       908
 4125247   4378422       123
 4241042   4378423       113
 4125432   4378608       154
 4241485   4378866       170
  228024   4378866       170
 4419176   4378910       126
 4125734   4378910       126
 4419303   4379037       423
 4241656   4379037      1003
  228195   4379037      1003
 4125861   4379037      1003
 4419727   4379461       579
 4242788   4380178       166
 4420435   4380178       166
  229327   4380178       166
 4127330   4380600       305
 4420771   4380600       704
  229663   4380600       704
 4243258   4380642       662
 4127636   4380906       398
 4421486   4381316       618
 4243931   4381316       618
  230378   4381316       618
 4128045   4381316       618
 4128703   4381975       511
 4422163   4381994       275
 4244608   4381994       275
  231055   4381994       275
 4422481   4382312       174
 4244926   4382312       174
  231373   4382312       174
 4422668   4382499       134
 4129227   4382499       134
 4245113   4382499       134
  231560   4382499       134
 4422807   4382636       336
 4129366   4382636       336
 4245252   4382636       336
  231699   4382636       273
 4423150   4382979       909
  232042   4382979       908
 4129709   4382979       908
 4245595   4382979       908
  227689   4418797       148
 4125545   4418987       739
 4241340   4418987       127
  227879   4418987       127
 4241529   4419176       550
  228068   4419176       550
 4378910   4419176       126
 4379037   4419303       423
 4379461   4419727       579
 4242080   4419727       874
  228619   4419727      3353
 4126285   4419727       633
 4380178   4420435       166
 4127155   4420596       480
 4380600   4420771       704
 4243258   4420813      3245
 4127636   4421077      1074
 4381316   4421486       618
 4128722   4422163       275
 4381994   4422163       275
 4129040   4422481      1577
 4382312   4422481       174
 4382499   4422668       134
 4382636   4422807       336
  231973   4423081       977
 4382979   4423150       909
 4521964   4521852       117
 4521852   4521964       117
 4523534   4521985       117
 1056755   4522102      1432
 2677774   4522102      1434
 4521985   4523534       117
 4622173   4622062       106
 4622062   4622173       106
 3958456   4745396       460
 3959015   4745955       223
 4016351   4773200       115
 2841226   4821855       876
 3955735   4821856       902
 1188001   4821856      1954
 2097231   4821956       176
 2097426   4822151       108
 2097600   4822325       904
 2842103   4822732       313
 3956638   4822759      1051
 3955131   4822787       184
 3955316   4822972       146
 2843665   4823042       768
 3955463   4823119       246
 2098598   4823323       105
 2098704   4823429       297
 4016965   4830220       128
 4017741   4830996       139
 4017881   4831136       335
 4018217   4831472       220
 4018526   4831781       353
 4018880   4832135       149
 4019030   4832285       102
 4019133   4832388       184
 4019318   4832573       113
 4019545   4832800       127
 4019673   4832928       432
 3172148   4833210       161
 4020106   4833361       231
 3172310   4833372       104
 4020399   4833654       131
 4020557   4833812       109
 4020965   4834219       197
 3173313   4834374       122
 4021461   4834715       244
 2116299   4834838       149
  358564   4835567       102
